557

512 296 132
514 224 71
515 30 51
519 108 196
9 254 102
522 289 115
526 282 52
15 227 85
19 61 59
25 43 167
27 291 120
539 320 67
32 159 120
33 229 151
545 195 25
34 57 101
546 24 110
35 283 137
547 235 42
36 85 87
553 339 102
44 247 88
557 325 163
47 258 68
559 121 96
560 266 108
49 32 78
562 12 38
51 298 87
563 182 36
54 26 107
566 221 87
568 131 86
57 83 64
569 20 57
60 275 71
62 92 89
575 38 48
577 186 67
68 154 123
580 23 75
587 76 61
79 64 67
591 39 87
592 264 80
82 112 162
598 230 164
600 304 34
93 217 84
605 14 33
95 18 68
607 78 93
98 222 41
612 152 79
101 142 140
103 305 49
104 181 62
618 170 137
107 148 66
114 326 55
115 244 73
118 263 71
121 179 88
635 71 89
636 332 173
127 193 47
642 268 77
131 3 120
644 8 47
133 309 53
140 132 82
653 176 44
142 73 60
654 168 94
143 104 38
655 102 42
657 123 48
660 303 50
662 241 198
664 184 54
154 260 122
666 130 100
155 284 99
667 269 38
157 194 125
671 233 93
672 307 117
673 211 99
676 231 118
677 101 50
678 161 120
170 74 68
682 46 105
172 81 112
684 166 89
173 157 101
687 141 90
177 245 44
689 47 80
693 201 94
694 350 74
697 226 148
189 41 79
701 75 98
190 328 98
194 353 41
708 191 107
197 356 65
709 319 68
714 128 53
717 300 97
207 310 68
210 122 37
723 351 86
213 91 67
725 93 65
214 199 116
215 67 83
216 90 71
729 68 82
218 190 55
220 52 127
221 205 75
222 77 119
224 259 23
738 203 57
234 323 79
746 16 79
235 274 135
236 150 100
748 31 98
750 19 105
751 48 72
240 246 121
754 250 172
243 358 89
756 290 73
757 115 52
249 62 32
250 155 163
762 293 141
764 98 76
253 54 91
254 297 89
766 165 67
255 162 77
256 306 107
768 295 85
774 318 78
775 206 99
780 204 178
270 10 61
272 138 92
273 111 118
787 164 123
788 340 91
789 84 77
278 133 117
280 337 72
792 331 113
281 228 129
793 100 78
794 82 46
283 59 69
795 324 94
284 35 98
797 27 59
286 265 71
287 329 57
291 140 85
293 13 68
300 2 133
306 286 187
308 109 122
309 196 131
311 273 80
312 281 60
315 248 80
319 70 52
321 189 41
322 209 32
326 174 111
330 354 78
333 42 91
334 242 51
335 345 212
336 210 156
338 175 63
339 40 57
340 72 137
341 124 35
342 50 31
349 158 57
365 113 64
368 180 108
369 137 72
371 125 79
376 21 35
377 249 156
378 4 139
380 223 184
381 11 82
389 51 90
393 240 100
395 80 153
396 192 60
401 169 56
403 219 81
406 312 31
413 44 94
415 33 50
416 218 113
417 145 172
421 49 91
428 341 94
432 316 74
435 357 44
436 116 98
439 251 48
449 107 83
450 135 61
453 188 73
455 215 97
456 177 74
457 178 76
458 348 145
459 212 90
460 301 148
462 236 83
463 163 40
473 58 56
478 53 126
482 173 41
486 342 104
487 280 44
488 285 71
500 89 94
503 120 43
506 36 252
507 238 156
508 343 100
509 311 68
515 516 119 5
515 670 22 3
519 520 99 25
9 7 267 23
9 10 156 35
526 527 185 9
15 102 317 18
25 385 197 4
27 298 321 32
539 540 129 5
545 544 151 35
546 544 151 11
36 632 200 12
553 551 143 9
47 46 335 28
562 564 308 30
563 564 308 23
568 567 352 34
569 571 56 31
60 375 105 22
60 61 117 3
62 61 117 39
575 374 28 27
68 66 106 34
580 791 234 18
587 590 0 2
79 81 288 13
591 695 255 27
93 96 208 7
93 638 65 36
107 702 243 6
118 776 279 26
118 123 253 9
635 690 88 6
635 633 299 17
635 715 134 14
635 13 344 7
127 704 171 9
127 732 334 9
140 141 330 17
142 141 330 8
143 144 183 31
657 658 202 17
657 659 256 26
662 252 5 25
664 96 208 42
155 468 270 35
667 668 294 10
157 159 287 12
671 670 22 19
672 674 60 16
673 674 60 37
678 679 214 43
682 680 359 3
682 633 299 37
177 178 147 16
689 688 139 3
689 690 88 3
693 691 313 1
693 692 37 2
694 691 313 14
694 692 37 4
694 345 213 9
697 502 45 34
701 791 234 3
701 702 243 14
197 195 153 14
709 783 9 2
207 209 127 8
723 724 86 40
213 17 349 42
213 212 272 16
725 724 86 3
214 217 277 24
216 217 277 42
218 217 277 29
220 223 232 30
221 223 232 4
240 702 243 3
240 159 287 23
754 755 25 1
756 755 25 12
757 759 167 22
762 761 160 21
764 765 276 8
253 252 5 13
766 765 276 20
774 391 146 13
272 604 63 13
272 271 95 19
273 271 95 27
788 345 213 1
278 277 15 13
280 277 15 9
281 282 34 36
283 282 34 3
286 285 66 15
287 285 66 18
291 289 262 21
293 295 346 8
300 669 1 42
315 498 6 2
330 329 87 29
333 776 279 29
334 289 262 5
335 702 243 43
336 96 208 25
338 246 278 16
365 364 126 31
376 379 103 31
377 704 171 13
377 379 103 19
378 661 29 43
378 379 103 3
381 385 197 5
381 783 9 14
389 386 292 20
403 688 139 25
403 498 6 12
403 404 239 12
406 404 239 33
416 404 239 10
416 715 134 5
428 784 207 28
432 760 69 28
435 658 202 7
435 375 105 2
436 498 6 6
436 437 144 2
439 437 144 25
449 783 9 36
455 688 139 10
457 404 239 8
487 485 355 1
487 652 94 23
500 498 6 1
503 150 225 15
514 78 150 225 6
9 8 7 267 1
9 8 10 156 8
9 637 209 127 4
15 183 102 317 27
15 183 638 65 6
25 5 277 15 28
33 741 784 207 7
34 440 61 117 2
35 37 345 213 22
36 543 42 118 15
47 139 137 237 4
559 719 721 216 16
563 532 784 207 1
563 532 298 321 11
57 779 178 147 24
577 533 461 261 10
68 69 67 322 1
580 663 29 79 17
587 589 590 0 23
591 28 704 171 13
82 85 83 172 34
82 85 760 69 4
82 711 299 252 5
598 423 425 338 14
600 199 195 153 17
95 160 178 147 7
98 97 549 257 32
612 611 112 327 6
101 637 209 127 14
101 637 638 65 29
103 187 185 114 18
104 106 461 261 16
618 631 67 322 1
618 631 630 314 9
618 631 42 118 21
118 120 633 299 7
121 120 633 299 2
642 491 492 302 23
131 745 67 322 6
140 743 784 207 24
142 552 551 143 1
654 647 21 347 10
143 477 398 187 8
657 656 659 256 4
662 663 29 79 12
662 623 64 333 12
154 358 434 136 8
667 665 668 294 9
667 558 759 167 1
672 88 89 17 15
682 681 680 359 22
172 138 137 237 16
684 97 549 257 10
687 151 150 225 2
693 521 691 313 6
697 0 11 149 7
697 0 12 336 6
189 188 61 117 2
709 528 527 185 10
717 713 185 114 3
207 208 209 127 6
213 165 195 153 9
725 722 724 86 6
224 59 407 7 36
746 113 112 327 8
750 20 21 347 5
751 266 759 167 4
754 753 755 25 9
250 629 704 171 27
762 620 630 314 29
762 620 123 253 1
768 769 295 346 14
774 773 42 118 11
775 41 42 118 6
793 744 791 234 21
287 649 648 271 5
291 290 289 262 30
300 705 704 171 28
300 536 632 200 9
300 669 670 22 6
315 531 231 198 26
315 531 299 252 16
321 727 726 55 2
326 400 81 288 10
326 400 299 252 3
330 265 411 315 41
335 476 759 167 19
336 446 277 15 1
340 740 375 105 20
340 740 760 69 1
341 344 123 253 28
365 357 433 110 36
378 69 67 322 5
381 352 374 28 4
403 535 590 0 4
428 685 688 139 9
435 658 659 256 5
449 452 231 198 16
450 440 61 117 2
455 120 633 299 9
455 442 391 146 9
457 136 137 237 4
463 16 17 349 8
463 16 61 117 3
463 731 732 334 4
478 477 398 187 28
487 484 141 330 5
500 499 498 6 1
506 6 67 322 28
512 513 346 345 213 6
514 78 70 96 208 4
514 78 70 81 288 5
9 8 10 7 267 6
547 548 550 549 257 2
47 139 138 137 237 12
562 73 550 549 257 14
562 73 767 295 346 12
563 532 531 299 252 8
577 533 71 13 344 7
82 711 727 726 55 21
598 423 424 425 338 4
107 710 537 604 63 1
121 613 614 755 25 12
127 627 624 679 214 6
127 627 624 670 22 7
642 491 495 492 302 13
142 552 554 551 143 11
676 73 767 295 346 10
693 521 691 692 37 15
714 264 647 21 347 13
210 164 196 195 153 6
210 164 167 230 96 8
221 219 629 704 171 6
236 410 354 178 147 12
754 8 10 7 267 5
287 649 647 21 347 23
287 649 647 648 271 13
291 292 288 289 262 5
335 337 351 362 220 1
349 596 595 485 355 11
395 423 424 425 338 4
403 535 146 680 359 8
428 685 688 690 88 1
455 442 391 726 55 1
506 161 71 13 344 6
506 6 63 64 333 21
506 6 63 633 299 1
506 585 798 540 129 20
507 535 146 680 359 5
33 128 408 409 407 7 15
33 191 163 517 516 119 5
57 203 594 14 12 336 13
82 85 626 621 633 299 4
82 711 712 70 81 288 4
82 711 712 70 246 278 4
605 538 609 603 602 97 8
107 710 537 604 602 97 1
127 627 626 621 633 299 1
127 627 620 422 425 338 15
642 491 494 493 492 302 10
131 745 211 691 692 37 5
673 74 78 70 246 278 6
210 164 196 195 185 114 3
236 410 354 382 385 197 9
236 410 354 399 398 187 1
287 625 628 225 690 88 9
291 534 533 71 13 344 1
300 536 537 477 398 187 9
421 267 408 409 407 7 12
450 440 443 269 386 292 10
463 627 620 422 425 338 11
605 538 609 603 604 602 97 13
98 608 609 603 604 602 97 3
154 358 444 443 269 386 292 18
287 625 628 620 422 425 338 5
291 534 533 71 13 12 336 10
600 599 538 609 603 604 602 97 1
