262

256 20 78
258 49 75
6 131 82
134 42 130
264 126 59
9 4 139
137 116 55
265 79 81
11 36 43
140 7 96
141 39 204
269 29 64
14 50 52
143 27 59
271 97 79
17 73 84
147 30 151
149 66 55
22 17 77
279 120 77
24 127 267
152 80 76
287 132 134
32 123 75
160 112 138
290 101 99
164 3 211
292 113 92
37 0 121
166 82 151
168 122 119
41 1 64
298 65 69
299 105 79
176 134 115
49 119 100
50 130 114
51 11 98
53 87 119
56 128 45
57 31 64
187 61 140
190 24 88
67 26 89
68 43 72
198 63 59
73 108 115
74 94 55
76 51 82
77 125 62
207 115 95
212 104 81
85 68 146
86 86 179
218 71 118
92 90 74
94 23 100
223 25 48
96 14 84
224 37 33
98 103 87
101 70 105
103 15 55
235 18 141
108 48 93
236 88 90
109 72 176
110 114 106
238 16 47
240 129 90
241 59 96
114 32 70
116 56 113
119 5 149
248 85 101
124 93 116
256 255 74 22
258 255 74 9
6 7 95 39
6 8 110 5
134 135 111 37
9 158 57 29
265 146 21 11
265 266 9 17
11 274 62 23
269 274 62 11
271 270 78 5
17 16 54 17
17 157 117 33
147 146 21 41
147 71 67 19
149 244 83 7
279 181 75 9
279 280 58 15
152 217 2 43
287 289 8 31
160 161 102 4
290 289 8 38
164 161 102 15
164 30 53 37
37 36 77 28
166 165 89 22
168 165 89 39
176 177 98 40
176 148 81 10
49 242 60 38
49 36 77 26
49 52 124 4
50 52 124 17
51 52 124 17
51 217 2 15
57 59 133 1
187 188 35 47
190 191 6 29
67 69 40 15
68 69 40 11
198 199 109 39
73 72 118 11
73 90 44 47
74 72 118 27
85 91 121 4
86 16 54 28
86 194 33 32
218 276 38 39
92 145 22 32
92 72 118 7
92 91 121 32
96 80 76 35
224 35 69 41
103 104 19 1
108 221 34 41
236 80 76 13
238 199 109 25
240 129 13 44
241 177 98 41
116 120 64 46
256 254 255 74 16
258 254 255 74 4
264 82 84 52 31
264 171 181 75 7
9 293 59 133 2
265 262 283 46 9
265 262 29 84 12
265 170 178 106 21
265 266 146 21 5
141 131 177 98 29
141 38 36 77 6
141 204 227 41 4
14 15 91 121 6
271 172 244 83 2
271 172 199 109 5
17 0 90 44 3
147 281 227 41 19
147 281 280 58 5
147 281 282 107 11
22 89 90 44 3
279 163 161 102 11
279 163 104 19 7
279 102 104 19 23
279 170 178 106 5
24 184 183 12 35
152 115 120 64 8
152 132 19 99 12
152 132 188 35 5
152 132 157 117 17
290 262 29 84 9
290 262 286 47 12
290 60 276 38 8
290 60 283 46 12
164 162 161 102 35
292 260 35 69 1
292 260 8 110 16
292 150 148 81 7
292 214 283 46 9
168 203 8 110 10
49 242 244 83 9
50 100 90 44 14
57 58 59 133 29
57 44 43 10 18
67 182 181 75 28
73 75 185 96 18
73 252 250 91 10
73 252 251 55 36
74 75 185 96 5
77 62 80 76 4
207 200 274 62 23
212 189 188 35 20
85 261 273 45 1
85 261 276 38 8
85 154 71 67 22
86 194 195 92 2
86 5 177 98 8
86 231 69 40 10
86 231 71 67 12
94 186 188 35 3
223 151 148 81 11
96 63 36 77 13
96 63 7 95 10
96 95 276 38 6
224 201 227 41 5
224 170 178 106 2
98 128 129 13 8
98 95 276 38 6
101 171 181 75 11
101 171 72 118 7
101 171 185 96 13
101 171 188 35 10
103 247 245 100 21
103 105 104 19 4
241 281 282 107 4
241 204 227 41 22
114 113 19 99 1
116 117 273 45 19
119 117 273 45 8
248 246 245 100 21
258 254 255 148 81 2
140 229 228 227 41 17
141 130 122 52 124 14
14 15 44 43 10 14
14 15 62 80 76 3
143 144 62 80 76 5
271 172 33 35 69 5
17 0 48 7 95 1
279 163 27 29 84 1
24 184 197 199 109 3
24 184 171 188 35 2
32 3 33 35 69 3
32 3 38 36 77 15
292 260 272 270 78 15
41 42 40 43 10 3
207 200 262 286 47 18
92 47 48 7 95 20
223 151 18 19 99 6
96 63 27 29 84 6
235 233 150 148 81 4
109 263 83 84 52 1
109 263 253 250 91 17
241 281 282 280 58 1
114 65 62 80 76 2
119 4 48 7 95 12
119 4 40 43 10 8
124 156 155 195 92 7
9 293 172 33 35 69 5
24 184 171 155 195 92 3
152 115 120 117 273 45 4
152 132 200 262 286 47 7
152 132 200 252 251 55 1
152 132 157 155 195 92 7
37 230 232 27 29 84 3
85 261 81 82 84 52 7
85 261 260 272 270 78 9
96 63 44 155 195 92 14
103 1 172 33 35 69 2
103 1 172 194 195 92 2
114 65 62 80 79 28 8
176 175 200 252 251 250 91 2
57 58 297 62 80 79 28 7
57 58 297 62 219 221 34 7
85 275 132 157 155 195 92 2
85 275 132 200 252 251 250 91 2
85 275 132 200 252 205 170 178 106 3
85 275 132 200 252 205 170 69 40 2
